Row  instruction         | regs                    |                 src1        src2                   res        quot  active  cond  skip                 range  wrap
----------------------------------------------------------------------------------------------------------------------------------------------------------------------
  0  INIT                | -                       |                    0           0                     0           0       1     0     0                     0     0
  1  READ_PUB  r2 0      | r2=864554256            |                    0           0             864554256           1       1     0     0             864554256     0
  2  READ_PUB  r1 1      | r1=4200970013           |                    0           0            4200970013           1       1     0     0            4200970013     0
  3  SET       r5 1      | r5=1                    |                    0           0                     1           1       1     0     0                     1     0
  4  READ_PRIV r4 0      | -                       |                    0           0                     0           1       1     0     0                     0     0
  5  MUL       r3 r5 r5  | r3=1                    |                    1           1                     1           1       1     0     0                     1     0
  6  MOD       r3 r3 r1  | -                       |                    1  4200970013                     1           1       1     0     0            4200970011     0
  7  LT        r4 r0 r4  | -                       |                    0           0                     0           1       1     0     0                     0     0
  8  JZ        r4 3      | -                       |                    0           0                     1           1       1     0     0                     1     0
  9  MUL       r4 r3 r2  | -                       |                    1   864554256                     0           1       0     0     3                     0     0
 10  MOD       r5 r4 r1  | -                       |                    0  4200970013                     0           1       0     0     2            4200970012     0
 11  JZ        r0 1      | -                       |                    0           0                     0           1       0     0     1                     0     0
 12  ADD       r5 r3 r0  | -                       |                    1           0                     1           1       1     0     0                     1     0
 13  READ_PRIV r4 1      | r4=1                    |                    0           0                     1           1       1     0     0                     1     0
 14  MUL       r3 r5 r5  | -                       |                    1           1                     1           1       1     0     0                     1     0
 15  MOD       r3 r3 r1  | -                       |                    1  4200970013                     1           1       1     0     0            4200970011     0
 16  LT        r4 r0 r4  | -                       |                    0           1                     1           1       1     0     0                     0     0
 17  JZ        r4 3      | -                       |                    1           0                     1           1       1     1     0                     1     0
 18  MUL       r4 r3 r2  | r4=864554256            |                    1   864554256             864554256           1       1     0     0             864554256     0
 19  MOD       r5 r4 r1  | r5=864554256            |            864554256  4200970013             864554256           1       1     0     0            3336415756     0
 20  JZ        r0 1      | -                       |                    0           0                     1           1       1     0     0                     1     0
 21  ADD       r5 r3 r0  | -                       |                    1           0                     0           1       0     0     1                     0     0
 22  READ_PRIV r4 2      | r4=1                    |                    0           0                     1           1       1     0     0                     1     0
 23  MUL       r3 r5 r5  | r3=747454061567713536   |            864554256   864554256    747454061567713536           1       1     0     0    747454061567713536     0
 24  MOD       r3 r3 r1  | r3=819499456            |   747454061567713536  4200970013             819499456   177924161       1     0     0            3381470556     0
 25  LT        r4 r0 r4  | -                       |                    0           1                     1           1       1     0     0                     0     0
 26  JZ        r4 3      | -                       |                    1           0                     1           1       1     1     0                     1     0
 27  MUL       r4 r3 r2  | r4=708501742474484736   |            819499456   864554256    708501742474484736           1       1     0     0    708501742474484736     0
 28  MOD       r5 r4 r1  | r5=4101179529           |   708501742474484736  4200970013            4101179529   168651940       1     0     0              99790483     0
 29  JZ        r0 1      | -                       |                    0           0                     1           1       1     0     0                     1     0
 30  ADD       r5 r3 r0  | -                       |            819499456           0                     0           1       0     0     1                     0     0
 31  READ_PRIV r4 3      | r4=1                    |                    0           0                     1           1       1     0     0                     1     0
 32  MUL       r3 r5 r5  | r3=16819673529088661841 |           4101179529  4101179529  16819673529088661841           1       1     0     0  16819673529088661841     0
 33  MOD       r3 r3 r1  | r3=1741278562           | 16819673529088661841  4200970013            1741278562  4003759484       1     0     0            2459691450     0
 34  LT        r4 r0 r4  | -                       |                    0           1                     1           1       1     0     0                     0     0
 35  JZ        r4 3      | -                       |                    1           0                     1           1       1     1     0                     1     0
 36  MUL       r4 r3 r2  | r4=1505429791658659872  |           1741278562   864554256   1505429791658659872           1       1     0     0   1505429791658659872     0
 37  MOD       r5 r4 r1  | r5=486102159            |  1505429791658659872  4200970013             486102159   358352902       1     0     0            3714867853     0
 38  JZ        r0 1      | -                       |                    0           0                     1           1       1     0     0                     1     0
 39  ADD       r5 r3 r0  | -                       |           1741278562           0                     0           1       0     0     1                     0     0
 40  READ_PRIV r4 4      | r4=1                    |                    0           0                     1           1       1     0     0                     1     0
 41  MUL       r3 r5 r5  | r3=236295308984461281   |            486102159   486102159    236295308984461281           1       1     0     0    236295308984461281     0
 42  MOD       r3 r3 r1  | r3=490149920            |   236295308984461281  4200970013             490149920    56247798       1     0     0            3710820092     0
 43  LT        r4 r0 r4  | -                       |                    0           1                     1           1       1     0     0                     0     0
 44  JZ        r4 3      | -                       |                    1           0                     1           1       1     1     0                     1     0
 45  MUL       r4 r3 r2  | r4=423761199414059520   |            490149920   864554256    423761199414059520           1       1     0     0    423761199414059520     0
 46  MOD       r5 r4 r1  | r5=2843500582           |   423761199414059520  4200970013            2843500582   100872227       1     0     0            1357469430     0
 47  JZ        r0 1      | -                       |                    0           0                     1           1       1     0     0                     1     0
 48  ADD       r5 r3 r0  | -                       |            490149920           0                     0           1       0     0     1                     0     0
 49  READ_PRIV r4 5      | r4=1                    |                    0           0                     1           1       1     0     0                     1     0
 50  MUL       r3 r5 r5  | r3=8085495559834338724  |           2843500582  2843500582   8085495559834338724           1       1     0     0   8085495559834338724     0
 51  MOD       r3 r3 r1  | r3=2341863536           |  8085495559834338724  4200970013            2341863536  1924673477       1     0     0            1859106476     0
 52  LT        r4 r0 r4  | -                       |                    0           1                     1           1       1     0     0                     0     0
 53  JZ        r4 3      | -                       |                    1           0                     1           1       1     1     0                     1     0
 54  MUL       r4 r3 r2  | r4=2024668087020009216  |           2341863536   864554256   2024668087020009216           1       1     0     0   2024668087020009216     0
 55  MOD       r5 r4 r1  | r5=2810226456           |  2024668087020009216  4200970013            2810226456   481952521       1     0     0            1390743556     0
 56  JZ        r0 1      | -                       |                    0           0                     1           1       1     0     0                     1     0
 57  ADD       r5 r3 r0  | -                       |           2341863536           0                     0           1       0     0     1                     0     0
 58  READ_PRIV r4 6      | r4=1                    |                    0           0                     1           1       1     0     0                     1     0
 59  MUL       r3 r5 r5  | r3=7897372734002319936  |           2810226456  2810226456   7897372734002319936           1       1     0     0   7897372734002319936     0
 60  MOD       r3 r3 r1  | r3=3874785239           |  7897372734002319936  4200970013            3874785239  1879892670       1     0     0             326184773     0
 61  LT        r4 r0 r4  | -                       |                    0           1                     1           1       1     0     0                     0     0
 62  JZ        r4 3      | -                       |                    1           0                     1           1       1     1     0                     1     0
 63  MUL       r4 r3 r2  | r4=3349962069463427184  |           3874785239   864554256   3349962069463427184           1       1     0     0   3349962069463427184     0
 64  MOD       r5 r4 r1  | r5=2826271186           |  3349962069463427184  4200970013            2826271186   797425847       1     0     0            1374698826     0
 65  JZ        r0 1      | -                       |                    0           0                     1           1       1     0     0                     1     0
 66  ADD       r5 r3 r0  | -                       |           3874785239           0                     0           1       0     0     1                     0     0
 67  READ_PRIV r4 7      | r4=1                    |                    0           0                     1           1       1     0     0                     1     0
 68  MUL       r3 r5 r5  | r3=7987808816813846596  |           2826271186  2826271186   7987808816813846596           1       1     0     0   7987808816813846596     0
 69  MOD       r3 r3 r1  | r3=3000325322           |  7987808816813846596  4200970013            3000325322  1901420099       1     0     0            1200644690     0
 70  LT        r4 r0 r4  | -                       |                    0           1                     1           1       1     0     0                     0     0
 71  JZ        r4 3      | -                       |                    1           0                     1           1       1     1     0                     1     0
 72  MUL       r4 r3 r2  | r4=2593944026519670432  |           3000325322   864554256   2593944026519670432           1       1     0     0   2593944026519670432     0
 73  MOD       r5 r4 r1  | r5=472069950            |  2593944026519670432  4200970013             472069950   617463115       1     0     0            3728900062     0
 74  JZ        r0 1      | -                       |                    0           0                     1           1       1     0     0                     1     0
 75  ADD       r5 r3 r0  | -                       |           3000325322           0                     0           1       0     0     1                     0     0
 76  READ_PRIV r4 8      | r4=1                    |                    0           0                     1           1       1     0     0                     1     0
 77  MUL       r3 r5 r5  | r3=222850037693002500   |            472069950   472069950    222850037693002500           1       1     0     0    222850037693002500     0
 78  MOD       r3 r3 r1  | r3=940817847            |   222850037693002500  4200970013             940817847    53047282       1     0     0            3260152165     0
 79  LT        r4 r0 r4  | -                       |                    0           1                     1           1       1     0     0                     0     0
 80  JZ        r4 3      | -                       |                    1           0                     1           1       1     1     0                     1     0
 81  MUL       r4 r3 r2  | r4=813388073744606832   |            940817847   864554256    813388073744606832           1       1     0     0    813388073744606832     0
 82  MOD       r5 r4 r1  | r5=2891828415           |   813388073744606832  4200970013            2891828415   193619110       1     0     0            1309141597     0
 83  JZ        r0 1      | -                       |                    0           0                     1           1       1     0     0                     1     0
 84  ADD       r5 r3 r0  | -                       |            940817847           0                     0           1       0     0     1                     0     0
 85  READ_PRIV r4 9      | r4=1                    |                    0           0                     1           1       1     0     0                     1     0
 86  MUL       r3 r5 r5  | r3=8362671581801412225  |           2891828415  2891828415   8362671581801412225           1       1     0     0   8362671581801412225     0
 87  MOD       r3 r3 r1  | r3=1169799348           |  8362671581801412225  4200970013            1169799348  1990652530       1     0     0            3031170664     0
 88  LT        r4 r0 r4  | -                       |                    0           1                     1           1       1     0     0                     0     0
 89  JZ        r4 3      | -                       |                    1           0                     1           1       1     1     0                     1     0
 90  MUL       r4 r3 r2  | r4=1011355004979425088  |           1169799348   864554256   1011355004979425088           1       1     0     0   1011355004979425088     0
 91  MOD       r5 r4 r1  | r5=3137033371           |  1011355004979425088  4200970013            3137033371   240743210       1     0     0            1063936641     0
 92  JZ        r0 1      | -                       |                    0           0                     1           1       1     0     0                     1     0
 93  ADD       r5 r3 r0  | -                       |           1169799348           0                     0           1       0     0     1                     0     0
 94  READ_PRIV r4 10     | r4=1                    |                    0           0                     1           1       1     0     0                     1     0
 95  MUL       r3 r5 r5  | r3=9840978370767623641  |           3137033371  3137033371   9840978370767623641           1       1     0     0   9840978370767623641     0
 96  MOD       r3 r3 r1  | r3=3123375822           |  9840978370767623641  4200970013            3123375822  2342549064       1     0     0            1077594190     0
 97  LT        r4 r0 r4  | -                       |                    0           1                     1           1       1     0     0                     0     0
 98  JZ        r4 3      | -                       |                    1           0                     1           1       1     1     0                     1     0
 99  MUL       r4 r3 r2  | r4=2700327859997598432  |           3123375822   864554256   2700327859997598432           1       1     0     0   2700327859997598432     0
100  MOD       r5 r4 r1  | r5=2694840695           |  2700327859997598432  4200970013            2694840695   642786750       1     0     0            1506129317     0
101  JZ        r0 1      | -                       |                    0           0                     1           1       1     0     0                     1     0
102  ADD       r5 r3 r0  | -                       |           3123375822           0                     0           1       0     0     1                     0     0
103  READ_PRIV r4 11     | r4=0                    |                    0           0                     0           1       1     0     0                     0     0
104  MUL       r3 r5 r5  | r3=7262166371428083025  |           2694840695  2694840695   7262166371428083025           1       1     0     0   7262166371428083025     0
105  MOD       r3 r3 r1  | r3=1413569272           |  7262166371428083025  4200970013            1413569272  1728687982       1     0     0            2787400740     0
106  LT        r4 r0 r4  | -                       |                    0           0                     0           1       1     0     0                     0     0
107  JZ        r4 3      | -                       |                    0           0                     1           1       1     0     0                     1     0
108  MUL       r4 r3 r2  | -                       |           1413569272   864554256                     0           1       0     0     3                     0     0
109  MOD       r5 r4 r1  | -                       |                    0  4200970013                     0           1       0     0     2            4200970012     0
110  JZ        r0 1      | -                       |                    0           0                     0           1       0     0     1                     0     0
111  ADD       r5 r3 r0  | r5=1413569272           |           1413569272           0            1413569272           1       1     0     0            1413569272     0
112  READ_PRIV r4 12     | -                       |                    0           0                     0           1       1     0     0                     0     0
113  MUL       r3 r5 r5  | r3=1998178086742609984  |           1413569272  1413569272   1998178086742609984           1       1     0     0   1998178086742609984     0
114  MOD       r3 r3 r1  | r3=330221142            |  1998178086742609984  4200970013             330221142   475646835       1     0     0            3870748870     0
115  LT        r4 r0 r4  | -                       |                    0           0                     0           1       1     0     0                     0     0
116  JZ        r4 3      | -                       |                    0           0                     1           1       1     0     0                     1     0
117  MUL       r4 r3 r2  | -                       |            330221142   864554256                     0           1       0     0     3                     0     0
118  MOD       r5 r4 r1  | -                       |                    0  4200970013                     0           1       0     0     2            4200970012     0
119  JZ        r0 1      | -                       |                    0           0                     0           1       0     0     1                     0     0
120  ADD       r5 r3 r0  | r5=330221142            |            330221142           0             330221142           1       1     0     0             330221142     0
121  READ_PRIV r4 13     | -                       |                    0           0                     0           1       1     0     0                     0     0
122  MUL       r3 r5 r5  | r3=109046002623784164   |            330221142   330221142    109046002623784164           1       1     0     0    109046002623784164     0
123  MOD       r3 r3 r1  | r3=4068478770           |   109046002623784164  4200970013            4068478770    25957339       1     0     0             132491242     0
124  LT        r4 r0 r4  | -                       |                    0           0                     0           1       1     0     0                     0     0
125  JZ        r4 3      | -                       |                    0           0                     1           1       1     0     0                     1     0
126  MUL       r4 r3 r2  | -                       |           4068478770   864554256                     0           1       0     0     3                     0     0
127  MOD       r5 r4 r1  | -                       |                    0  4200970013                     0           1       0     0     2            4200970012     0
128  JZ        r0 1      | -                       |                    0           0                     0           1       0     0     1                     0     0
129  ADD       r5 r3 r0  | r5=4068478770           |           4068478770           0            4068478770           1       1     0     0            4068478770     0
130  READ_PRIV r4 14     | -                       |                    0           0                     0           1       1     0     0                     0     0
131  MUL       r3 r5 r5  | r3=16552519501940712900 |           4068478770  4068478770  16552519501940712900           1       1     0     0  16552519501940712900     0
132  MOD       r3 r3 r1  | r3=4032594016           | 16552519501940712900  4200970013            4032594016  3940166069       1     0     0             168375996     0
133  LT        r4 r0 r4  | -                       |                    0           0                     0           1       1     0     0                     0     0
134  JZ        r4 3      | -                       |                    0           0                     1           1       1     0     0                     1     0
135  MUL       r4 r3 r2  | -                       |           4032594016   864554256                     0           1       0     0     3                     0     0
136  MOD       r5 r4 r1  | -                       |                    0  4200970013                     0           1       0     0     2            4200970012     0
137  JZ        r0 1      | -                       |                    0           0                     0           1       0     0     1                     0     0
138  ADD       r5 r3 r0  | r5=4032594016           |           4032594016           0            4032594016           1       1     0     0            4032594016     0
139  READ_PRIV r4 15     | r4=1                    |                    0           0                     1           1       1     0     0                     1     0
140  MUL       r3 r5 r5  | r3=16261814497879008256 |           4032594016  4032594016  16261814497879008256           1       1     0     0  16261814497879008256     0
141  MOD       r3 r3 r1  | r3=3380632807           | 16261814497879008256  4200970013            3380632807  3870966574       1     0     0             820337205     0
142  LT        r4 r0 r4  | -                       |                    0           1                     1           1       1     0     0                     0     0
143  JZ        r4 3      | -                       |                    1           0                     1           1       1     1     0                     1     0
144  MUL       r4 r3 r2  | r4=2922740481265076592  |           3380632807   864554256   2922740481265076592           1       1     0     0   2922740481265076592     0
145  MOD       r5 r4 r1  | r5=609827788            |  2922740481265076592  4200970013             609827788   695729909       1     0     0            3591142224     0
146  JZ        r0 1      | -                       |                    0           0                     1           1       1     0     0                     1     0
147  ADD       r5 r3 r0  | -                       |           3380632807           0                     0           1       0     0     1                     0     0
148  READ_PRIV r4 16     | r4=1                    |                    0           0                     1           1       1     0     0                     1     0
149  MUL       r3 r5 r5  | r3=371889931016972944   |            609827788   609827788    371889931016972944           1       1     0     0    371889931016972944     0
150  MOD       r3 r3 r1  | r3=1633430856           |   371889931016972944  4200970013            1633430856    88524777       1     0     0            2567539156     0
151  LT        r4 r0 r4  | -                       |                    0           1                     1           1       1     0     0                     0     0
152  JZ        r4 3      | -                       |                    1           0                     1           1       1     1     0                     1     0
153  MUL       r4 r3 r2  | r4=1412189598436523136  |           1633430856   864554256   1412189598436523136           1       1     0     0   1412189598436523136     0
154  MOD       r5 r4 r1  | r5=624899383            |  1412189598436523136  4200970013             624899383   336157982       1     0     0            3576070629     0
155  JZ        r0 1      | -                       |                    0           0                     1           1       1     0     0                     1     0
156  ADD       r5 r3 r0  | -                       |           1633430856           0                     0           1       0     0     1                     0     0
157  READ_PRIV r4 17     | r4=1                    |                    0           0                     1           1       1     0     0                     1     0
158  MUL       r3 r5 r5  | r3=390499238873780689   |            624899383   624899383    390499238873780689           1       1     0     0    390499238873780689     0
159  MOD       r3 r3 r1  | r3=3761571669           |   390499238873780689  4200970013            3761571669    92954541       1     0     0             439398343     0
160  LT        r4 r0 r4  | -                       |                    0           1                     1           1       1     0     0                     0     0
161  JZ        r4 3      | -                       |                    1           0                     1           1       1     1     0                     1     0
162  MUL       r4 r3 r2  | r4=3252082795682973264  |           3761571669   864554256   3252082795682973264           1       1     0     0   3252082795682973264     0
163  MOD       r5 r4 r1  | r5=3180466970           |  3252082795682973264  4200970013            3180466970   774126639       1     0     0            1020503042     0
164  JZ        r0 1      | -                       |                    0           0                     1           1       1     0     0                     1     0
165  ADD       r5 r3 r0  | -                       |           3761571669           0                     0           1       0     0     1                     0     0
166  READ_PRIV r4 18     | r4=1                    |                    0           0                     1           1       1     0     0                     1     0
167  MUL       r3 r5 r5  | r3=10115370147260980900 |           3180466970  3180466970  10115370147260980900           1       1     0     0  10115370147260980900     0
168  MOD       r3 r3 r1  | r3=3966321311           | 10115370147260980900  4200970013            3966321311  2407865354       1     0     0             234648701     0
169  LT        r4 r0 r4  | -                       |                    0           1                     1           1       1     0     0                     0     0
170  JZ        r4 3      | -                       |                    1           0                     1           1       1     1     0                     1     0
171  MUL       r4 r3 r2  | r4=3429099970088549616  |           3966321311   864554256   3429099970088549616           1       1     0     0   3429099970088549616     0
172  MOD       r5 r4 r1  | r5=939709527            |  3429099970088549616  4200970013             939709527   816263854       1     0     0            3261260485     0
173  JZ        r0 1      | -                       |                    0           0                     1           1       1     0     0                     1     0
174  ADD       r5 r3 r0  | -                       |           3966321311           0                     0           1       0     0     1                     0     0
175  READ_PRIV r4 19     | r4=1                    |                    0           0                     1           1       1     0     0                     1     0
176  MUL       r3 r5 r5  | r3=883053995134563729   |            939709527   939709527    883053995134563729           1       1     0     0    883053995134563729     0
177  MOD       r3 r3 r1  | r3=3471022490           |   883053995134563729  4200970013            3471022490   210202404       1     0     0             729947522     0
178  LT        r4 r0 r4  | -                       |                    0           1                     1           1       1     0     0                     0     0
179  JZ        r4 3      | -                       |                    1           0                     1           1       1     1     0                     1     0
180  MUL       r4 r3 r2  | r4=3000887266401217440  |           3471022490   864554256   3000887266401217440           1       1     0     0   3000887266401217440     0
181  MOD       r5 r4 r1  | r5=1285571583           |  3000887266401217440  4200970013            1285571583   714331990       1     0     0            2915398429     0
182  JZ        r0 1      | -                       |                    0           0                     1           1       1     0     0                     1     0
183  ADD       r5 r3 r0  | -                       |           3471022490           0                     0           1       0     0     1                     0     0
184  READ_PRIV r4 20     | r4=0                    |                    0           0                     0           1       1     0     0                     0     0
185  MUL       r3 r5 r5  | r3=1652694295017125889  |           1285571583  1285571583   1652694295017125889           1       1     0     0   1652694295017125889     0
186  MOD       r3 r3 r1  | r3=4155254736           |  1652694295017125889  4200970013            4155254736   393407782       1     0     0              45715276     0
187  LT        r4 r0 r4  | -                       |                    0           0                     0           1       1     0     0                     0     0
188  JZ        r4 3      | -                       |                    0           0                     1           1       1     0     0                     1     0
189  MUL       r4 r3 r2  | -                       |           4155254736   864554256                     0           1       0     0     3                     0     0
190  MOD       r5 r4 r1  | -                       |                    0  4200970013                     0           1       0     0     2            4200970012     0
191  JZ        r0 1      | -                       |                    0           0                     0           1       0     0     1                     0     0
192  ADD       r5 r3 r0  | r5=4155254736           |           4155254736           0            4155254736           1       1     0     0            4155254736     0
193  READ_PRIV r4 21     | -                       |                    0           0                     0           1       1     0     0                     0     0
194  MUL       r3 r5 r5  | r3=17266141921050429696 |           4155254736  4155254736  17266141921050429696           1       1     0     0  17266141921050429696     0
195  MOD       r3 r3 r1  | r3=592029528            | 17266141921050429696  4200970013             592029528  4110036937       1     0     0            3608940484     0
196  LT        r4 r0 r4  | -                       |                    0           0                     0           1       1     0     0                     0     0
197  JZ        r4 3      | -                       |                    0           0                     1           1       1     0     0                     1     0
198  MUL       r4 r3 r2  | -                       |            592029528   864554256                     0           1       0     0     3                     0     0
199  MOD       r5 r4 r1  | -                       |                    0  4200970013                     0           1       0     0     2            4200970012     0
200  JZ        r0 1      | -                       |                    0           0                     0           1       0     0     1                     0     0
201  ADD       r5 r3 r0  | r5=592029528            |            592029528           0             592029528           1       1     0     0             592029528     0
202  READ_PRIV r4 22     | -                       |                    0           0                     0           1       1     0     0                     0     0
203  MUL       r3 r5 r5  | r3=350498962023902784   |            592029528   592029528    350498962023902784           1       1     0     0    350498962023902784     0
204  MOD       r3 r3 r1  | r3=2261195552           |   350498962023902784  4200970013            2261195552    83432865       1     0     0            1939774460     0
205  LT        r4 r0 r4  | -                       |                    0           0                     0           1       1     0     0                     0     0
206  JZ        r4 3      | -                       |                    0           0                     1           1       1     0     0                     1     0
207  MUL       r4 r3 r2  | -                       |           2261195552   864554256                     0           1       0     0     3                     0     0
208  MOD       r5 r4 r1  | -                       |                    0  4200970013                     0           1       0     0     2            4200970012     0
209  JZ        r0 1      | -                       |                    0           0                     0           1       0     0     1                     0     0
210  ADD       r5 r3 r0  | r5=2261195552           |           2261195552           0            2261195552           1       1     0     0            2261195552     0
211  READ_PRIV r4 23     | -                       |                    0           0                     0           1       1     0     0                     0     0
212  MUL       r3 r5 r5  | r3=5113005324384584704  |           2261195552  2261195552   5113005324384584704           1       1     0     0   5113005324384584704     0
213  MOD       r3 r3 r1  | r3=3872960105           |  5113005324384584704  4200970013            3872960105  1217101124       1     0     0             328009907     0
214  LT        r4 r0 r4  | -                       |                    0           0                     0           1       1     0     0                     0     0
215  JZ        r4 3      | -                       |                    0           0                     1           1       1     0     0                     1     0
216  MUL       r4 r3 r2  | -                       |           3872960105   864554256                     0           1       0     0     3                     0     0
217  MOD       r5 r4 r1  | -                       |                    0  4200970013                     0           1       0     0     2            4200970012     0
218  JZ        r0 1      | -                       |                    0           0                     0           1       0     0     1                     0     0
219  ADD       r5 r3 r0  | r5=3872960105           |           3872960105           0            3872960105           1       1     0     0            3872960105     0
220  READ_PRIV r4 24     | -                       |                    0           0                     0           1       1     0     0                     0     0
221  MUL       r3 r5 r5  | r3=14999819974921611025 |           3872960105  3872960105  14999819974921611025           1       1     0     0  14999819974921611025     0
222  MOD       r3 r3 r1  | r3=2869327154           | 14999819974921611025  4200970013            2869327154  3570561068       1     0     0            1331642858     0
223  LT        r4 r0 r4  | -                       |                    0           0                     0           1       1     0     0                     0     0
224  JZ        r4 3      | -                       |                    0           0                     1           1       1     0     0                     1     0
225  MUL       r4 r3 r2  | -                       |           2869327154   864554256                     0           1       0     0     3                     0     0
226  MOD       r5 r4 r1  | -                       |                    0  4200970013                     0           1       0     0     2            4200970012     0
227  JZ        r0 1      | -                       |                    0           0                     0           1       0     0     1                     0     0
228  ADD       r5 r3 r0  | r5=2869327154           |           2869327154           0            2869327154           1       1     0     0            2869327154     0
229  READ_PRIV r4 25     | -                       |                    0           0                     0           1       1     0     0                     0     0
230  MUL       r3 r5 r5  | r3=8233038316681739716  |           2869327154  2869327154   8233038316681739716           1       1     0     0   8233038316681739716     0
231  MOD       r3 r3 r1  | r3=4050170020           |  8233038316681739716  4200970013            4050170020  1959794593       1     0     0             150799992     0
232  LT        r4 r0 r4  | -                       |                    0           0                     0           1       1     0     0                     0     0
233  JZ        r4 3      | -                       |                    0           0                     1           1       1     0     0                     1     0
234  MUL       r4 r3 r2  | -                       |           4050170020   864554256                     0           1       0     0     3                     0     0
235  MOD       r5 r4 r1  | -                       |                    0  4200970013                     0           1       0     0     2            4200970012     0
236  JZ        r0 1      | -                       |                    0           0                     0           1       0     0     1                     0     0
237  ADD       r5 r3 r0  | r5=4050170020           |           4050170020           0            4050170020           1       1     0     0            4050170020     0
238  READ_PRIV r4 26     | -                       |                    0           0                     0           1       1     0     0                     0     0
239  MUL       r3 r5 r5  | r3=16403877190906800400 |           4050170020  4050170020  16403877190906800400           1       1     0     0  16403877190906800400     0
240  MOD       r3 r3 r1  | r3=1627038618           | 16403877190906800400  4200970013            1627038618  3904783215       1     0     0            2573931394     0
241  LT        r4 r0 r4  | -                       |                    0           0                     0           1       1     0     0                     0     0
242  JZ        r4 3      | -                       |                    0           0                     1           1       1     0     0                     1     0
243  MUL       r4 r3 r2  | -                       |           1627038618   864554256                     0           1       0     0     3                     0     0
244  MOD       r5 r4 r1  | -                       |                    0  4200970013                     0           1       0     0     2            4200970012     0
245  JZ        r0 1      | -                       |                    0           0                     0           1       0     0     1                     0     0
246  ADD       r5 r3 r0  | r5=1627038618           |           1627038618           0            1627038618           1       1     0     0            1627038618     0
247  READ_PRIV r4 27     | -                       |                    0           0                     0           1       1     0     0                     0     0
248  MUL       r3 r5 r5  | r3=2647254664463349924  |           1627038618  1627038618   2647254664463349924           1       1     0     0   2647254664463349924     0
249  MOD       r3 r3 r1  | r3=1275118428           |  2647254664463349924  4200970013            1275118428   630153193       1     0     0            2925851584     0
250  LT        r4 r0 r4  | -                       |                    0           0                     0           1       1     0     0                     0     0
251  JZ        r4 3      | -                       |                    0           0                     1           1       1     0     0                     1     0
252  MUL       r4 r3 r2  | -                       |           1275118428   864554256                     0           1       0     0     3                     0     0
253  MOD       r5 r4 r1  | -                       |                    0  4200970013                     0           1       0     0     2            4200970012     0
254  JZ        r0 1      | -                       |                    0           0                     0           1       0     0     1                     0     0
255  ADD       r5 r3 r0  | r5=1275118428           |           1275118428           0            1275118428           1       1     0     0            1275118428     0
256  READ_PRIV r4 28     | -                       |                    0           0                     0           1       1     0     0                     0     0
257  MUL       r3 r5 r5  | r3=1625927005425191184  |           1275118428  1275118428   1625927005425191184           1       1     0     0   1625927005425191184     0
258  MOD       r3 r3 r1  | r3=1587392027           |  1625927005425191184  4200970013            1587392027   387036090       1     0     0            2613577985     0
259  LT        r4 r0 r4  | -                       |                    0           0                     0           1       1     0     0                     0     0
260  JZ        r4 3      | -                       |                    0           0                     1           1       1     0     0                     1     0
261  MUL       r4 r3 r2  | -                       |           1587392027   864554256                     0           1       0     0     3                     0     0
262  MOD       r5 r4 r1  | -                       |                    0  4200970013                     0           1       0     0     2            4200970012     0
263  JZ        r0 1      | -                       |                    0           0                     0           1       0     0     1                     0     0
264  ADD       r5 r3 r0  | r5=1587392027           |           1587392027           0            1587392027           1       1     0     0            1587392027     0
265  READ_PRIV r4 29     | -                       |                    0           0                     0           1       1     0     0                     0     0
266  MUL       r3 r5 r5  | r3=2519813447383168729  |           1587392027  1587392027   2519813447383168729           1       1     0     0   2519813447383168729     0
267  MOD       r3 r3 r1  | r3=2846077066           |  2519813447383168729  4200970013            2846077066   599817052       1     0     0            1354892946     0
268  LT        r4 r0 r4  | -                       |                    0           0                     0           1       1     0     0                     0     0
269  JZ        r4 3      | -                       |                    0           0                     1           1       1     0     0                     1     0
270  MUL       r4 r3 r2  | -                       |           2846077066   864554256                     0           1       0     0     3                     0     0
271  MOD       r5 r4 r1  | -                       |                    0  4200970013                     0           1       0     0     2            4200970012     0
272  JZ        r0 1      | -                       |                    0           0                     0           1       0     0     1                     0     0
273  ADD       r5 r3 r0  | r5=2846077066           |           2846077066           0            2846077066           1       1     0     0            2846077066     0
274  READ_PRIV r4 30     | -                       |                    0           0                     0           1       1     0     0                     0     0
275  MUL       r3 r5 r5  | r3=8100154665611168356  |           2846077066  2846077066   8100154665611168356           1       1     0     0   8100154665611168356     0
276  MOD       r3 r3 r1  | r3=3900040227           |  8100154665611168356  4200970013            3900040227  1928162934       1     0     0             300929785     0
277  LT        r4 r0 r4  | -                       |                    0           0                     0           1       1     0     0                     0     0
278  JZ        r4 3      | -                       |                    0           0                     1           1       1     0     0                     1     0
279  MUL       r4 r3 r2  | -                       |           3900040227   864554256                     0           1       0     0     3                     0     0
280  MOD       r5 r4 r1  | -                       |                    0  4200970013                     0           1       0     0     2            4200970012     0
281  JZ        r0 1      | -                       |                    0           0                     0           1       0     0     1                     0     0
282  ADD       r5 r3 r0  | r5=3900040227           |           3900040227           0            3900040227           1       1     0     0            3900040227     0
283  READ_PRIV r4 31     | r4=1                    |                    0           0                     1           1       1     0     0                     1     0
284  MUL       r3 r5 r5  | r3=15210313772218211529 |           3900040227  3900040227  15210313772218211529           1       1     0     0  15210313772218211529     0
285  MOD       r3 r3 r1  | r3=895519671            | 15210313772218211529  4200970013             895519671  3620667067       1     0     0            3305450341     0
286  LT        r4 r0 r4  | -                       |                    0           1                     1           1       1     0     0                     0     0
287  JZ        r4 3      | -                       |                    1           0                     1           1       1     1     0                     1     0
288  MUL       r2 r3 r2  | r2=774225342894769776   |            895519671   864554256    774225342894769776           1       1     0     0    774225342894769776     0
289  MOD       r5 r2 r1  | r5=1337                 |   774225342894769776  4200970013                  1337   184296804       1     0     0            4200968675     0
290  JZ        r0 1      | -                       |                    0           0                     1           1       1     0     0                     1     0
291  ADD       r5 r3 r0  | -                       |            895519671           0                     0           1       0     0     1                     0     0
292  SET       r15 1337  | r15=1337                |                    0           0                  1337           1       1     0     0                  1337     0
293  ASSERT_EQ r5 r15    | passed                  |                 1337        1337                     1           1       1     0     0                     1     0
